Name: 'Suniva Optimus 270W Black'

A0: 0.934425158
A1: 0.061300718
A2: -0.013966234
A3: 0.001212089
A4: -4.50E-05
B0: 1
B1: -0.002438
B2: 0.0003103
B3: -1.25E-05
B4: 2.11E-07
B5: -1.36E-09
C0: 1.02426
C1: -0.024262
C2: -0.451614
C3: -11.2165
C4: 1.00021
C5: -0.000206352
C6: 1.18877
C7: -0.188767
Isco: 8.71363
Impo: 7.98597
Voco: 38.2807
Vmpo: 29.9784
Aisc: 0.00047 
Aimp: 0.000484
Bvoco: -0.12864
Mbvoc: 0
Bvmpo: -0.12
Mbvmp: 0
N: 1.2321
Ns: 60
IXO: 8.6503
IXXO: 5.52369
FD: 1

deltaT: 3
a: -3.469158041
b: -0.092100608
